-12 -81 5
-41 -64 8
-14 -76 30
-9 -77 0
-25 -86 6
-31 -82 2
-33 -68 -12
-27 -23 55
-39 -23 50
-39 -5 49
-47 0 39
-47 -1 48
-16 -86 26
-6 -39 26
-10 -67 36
-24 -79 28
-23 -70 35
-41 -53 -17
-27 -77 18
-39 -81 6
-42 -79 -3
-41 -77 -11
-45 -70 9
-44 -22 12
-56 -44 23
-9 17 62
-7 -49 49
-59 -45 16
-6 -64 49
-5 -60 35
-11 -57 15
-3 -19 39
-5 -54 20
-3 -39 32
-8 -43 34
-7 -39 60
-15 -35 49
-11 -26 42
-13 -45 69
-7 -17 50
-10 -1 44
-17 -52 64
-7 4 56
-17 4 67
-9 -56 60
-12 -70 52
-34 -47 60
-29 -55 55
-20 -63 61
-21 -61 44
-47 -26 55
-38 -34 51
-34 -20 42
-34 -13 65
-13 -14 67
-57 4 32
-4 -1 39
-5 14 29
-6 20 31
-11 16 38
-6 40 2
-10 40 25
-6 31 44
-12 46 1
-8 51 -6
-35 32 -12
-38 17 50
-21 27 43
-8 52 25
-12 36 51
-17 45 39
-13 65 9
-41 18 38
-51 17 14
-48 27 6
-44 32 -8
-38 48 -7
-51 6 20
-41 13 26
-39 4 30
-46 22 22
-44 32 13
-43 29 29
-36 37 30
-38 50 11
-30 43 22
-20 54 26
-5 52 -15
-25 57 -4
-13 60 -13
-25 48 -10
-22 28 -17
-11 33 -19
-32 23 -15
-28 -53 42
-22 -3 54
-31 6 56
-23 22 56
-56 0 11
-57 -12 16
-46 -20 19
-40 -16 19
-39 -21 0
-39 -32 19
-50 -30 21
-39 -2 0
-51 2 -6
-40 13 9
-36 11 4
-31 6 -15
-31 25 0
-34 14 -9
-50 4 6
-35 4 14
-42 -3 16
-49 -29 38
-35 -40 42
-21 -10 -27
-17 -32 -7
-30 -27 -14
-21 -52 5
-28 -6 -30
-51 12 -15
-54 -23 7
-60 -13 -1
-22 -33 -14
-32 -36 -15
-54 -6 -10
-52 -31 1
-55 -35 -4
-37 12 -28
-60 -10 -19
-58 -43 -9
-52 -21 -28
-44 -19 -25
-48 -37 -20
-58 -55 2
-47 -57 -7
-54 -43 10
-49 -58 13
-43 -69 17
-18 -69 30
-40 -79 24
-39 -50 39
-29 -67 41
-31 -73 26
-60 -24 27
-56 -38 37
-49 -56 41
-43 -56 26
-39 -71 37
-19 -83 40
-19 -50 -5
-29 -57 -9
-31 -34 -12
-42 -74 2
-46 -62 1
-35 -84 14
-45 -76 12
-28 -50 -4
-12 -50 36
-5 -35 43
-32 -48 -16
-6 25 -10
-8 36 -12
-16 15 -16
-37 -11 -2
-36 -14 15
-35 27 7
-22 60 6
-43 41 3
-39 0 -39
-45 -16 5
-46 -25 9
-63 -21 8
-52 -11 -15
-61 -27 -13
-44 -4 -13
-10 30 29
-5 36 17
-18 8 -6
-20 10 6
-26 -5 9
-18 -20 6
-19 -22 4
-21 -31 3
-10 -14 8
-17 -16 8
-20 -26 5
-9 -22 12
11 -78 5
41 -63 6
16 -74 30
9 -73 2
26 -84 9
31 -81 3
29 -67 -11
26 -21 56
38 -21 50
40 -3 50
43 3 36
47 2 47
16 -85 30
5 -37 28
10 -66 37
24 -78 32
24 -67 37
37 -52 -16
28 -72 22
37 -79 6
42 -78 -2
41 -75 -11
45 -68 8
42 -20 12
60 -35 23
8 16 63
7 -50 50
55 -39 16
6 -64 50
5 -58 35
10 -55 17
3 -21 39
4 -51 20
3 -39 33
7 -43 35
4 -37 64
13 -36 52
11 -30 42
12 -44 71
6 -17 51
10 -4 47
19 -51 63
6 6 57
18 5 64
8 -58 61
12 -68 55
33 -48 62
27 -52 54
19 -59 61
23 -61 46
44 -25 55
36 -31 50
32 -19 45
35 -11 63
14 -12 65
56 7 31
4 -1 41
3 11 31
4 18 33
10 15 40
5 39 3
9 38 26
5 29 46
10 46 0
7 49 -5
32 32 -13
37 21 48
22 28 44
7 52 24
11 39 49
17 48 35
10 65 8
37 19 36
50 19 14
47 29 5
44 33 -10
39 51 -4
47 9 17
39 19 23
35 9 27
45 28 19
45 36 8
43 33 30
34 38 28
37 50 13
28 44 23
17 58 22
4 50 -13
23 59 -5
12 59 -14
22 44 -12
19 27 -17
7 33 -20
29 23 -15
29 -52 44
26 0 51
33 12 54
19 20 57
53 0 11
56 -11 17
42 -20 20
38 -13 22
37 -21 4
40 -32 19
46 -27 23
37 -3 2
50 1 -5
38 15 9
36 10 3
32 7 -15
32 25 -1
33 15 -9
46 5 7
33 8 13
40 -3 17
50 -25 41
32 -37 42
19 -13 -24
16 -32 -6
30 -31 -10
19 -48 4
26 -7 -30
49 13 -16
56 -15 7
59 -14 -1
21 -31 -14
32 -35 -14
51 -3 -12
47 -26 -1
56 -29 -5
36 14 -28
58 -4 -22
58 -41 -11
52 -18 -29
38 -20 -24
46 -36 -19
56 -50 -1
45 -59 -8
51 -40 7
52 -55 9
39 -62 15
19 -64 29
40 -76 24
42 -46 41
33 -64 43
32 -70 29
58 -19 28
56 -32 37
50 -47 40
46 -55 25
41 -65 39
21 -79 43
17 -50 -5
27 -56 -7
30 -32 -12
43 -73 1
43 -60 -1
31 -79 16
44 -74 11
27 -50 -4
11 -50 37
5 -40 42
28 -44 -16
4 22 -11
5 35 -10
14 15 -16
37 -10 -2
34 -13 16
35 28 7
23 59 7
42 42 -1
35 -1 -38
43 -16 6
47 -23 10
61 -14 6
53 -11 -14
60 -24 -14
43 -5 -10
9 28 29
5 36 18
16 10 -5
19 10 6
24 -4 10
19 -18 8
19 -21 6
22 -29 2
9 -12 7
17 -15 7
20 -25 5
9 -19 13
